x, y
1.000000000000000000e+00,1.329316867057984190e-17
9.999900183415911803e-01,-7.255051366886718536e-07
9.999600737851307430e-01,-2.901972158836459360e-06
9.999101675868926620e-01,-6.529255919933643100e-06
9.998403018405863651e-01,-1.160711456837091289e-05
9.997504794772377190e-01,-1.813520963593906894e-05
9.996407042650206076e-01,-2.611310616143311476e-05
9.995109808090411052e-01,-3.554027285021742449e-05
9.993613145510737983e-01,-4.641608226776480924e-05
9.991917117692505901e-01,-5.873981106862042234e-05
9.990021795777012104e-01,-7.251064025988014302e-05
9.987927259261462076e-01,-8.772765549897609838e-05
9.985633595994427569e-01,-1.043898474251274454e-04
9.983140902170828390e-01,-1.224961120247550737e-04
9.980449282326426808e-01,-1.420452510301758260e-04
9.977558849331878976e-01,-1.630359723508088517e-04
9.974469724386280101e-01,-1.854668905372492652e-04
9.971182037010263288e-01,-2.093365272767022428e-04
9.967695925038622118e-01,-2.346433119204537770e-04
9.964011534612460252e-01,-2.613855820416093999e-04
9.960129020170884750e-01,-2.895615840234499094e-04
9.956048544442228643e-01,-3.191694736772038581e-04
9.951770278434816097e-01,-3.502073168891438348e-04
9.947294401427252408e-01,-3.826730902956051810e-04
9.942621100958279889e-01,-4.165646819857719103e-04
9.937750572816156369e-01,-4.518798922316917695e-04
9.932683021027585157e-01,-4.886164342436574021e-04
9.927418657846195371e-01,-5.267719349514281149e-04
9.921957703740567069e-01,-5.663439358098898337e-04
9.916300387381813408e-01,-6.073298936282320532e-04
9.910446945630713156e-01,-6.497271814215480404e-04
9.904397623524404670e-01,-6.935330892849152652e-04
9.898152674262625794e-01,-7.387448252878290158e-04
9.891712359193536308e-01,-7.853595163886653487e-04
9.885076947799088520e-01,-8.333742093682605830e-04
9.878246717679975974e-01,-8.827858717812927429e-04
9.871221954540136956e-01,-9.335913929245929273e-04
9.864002952170851657e-01,-9.857875848212835357e-04
9.856590012434398584e-01,-1.039371183219735262e-03
9.848983445247294632e-01,-1.094338848606144377e-03
9.841183568563122153e-01,-1.150687167229719502e-03
9.833190708354935250e-01,-1.208412652139453838e-03
9.825005198597247524e-01,-1.267511744230968330e-03
9.816627381247634565e-01,-1.327980813302437422e-03
9.808057606227897907e-01,-1.389816159119019708e-03
9.799296231404855950e-01,-1.453014012483107948e-03
9.790343622570714111e-01,-1.517570536311211356e-03
9.781200153423059707e-01,-1.583481826714197615e-03
9.771866205544442741e-01,-1.650743914081464689e-03
9.762342168381581420e-01,-1.719352764166177548e-03
9.752628439224183543e-01,-1.789304279171945351e-03
9.742725423183375977e-01,-1.860594298838245519e-03
9.732633533169761098e-01,-1.933218601524125434e-03
9.722353189871105750e-01,-2.007172905288944278e-03
9.711884821729641626e-01,-2.082452868968236170e-03
9.701228864919011485e-01,-2.159054093244192844e-03
9.690385763320846779e-01,-2.236972121709147800e-03
9.679355968500986673e-01,-2.316202441920305749e-03
9.668139939685331807e-01,-2.396740486445564887e-03
9.656738143735359436e-01,-2.478581633897862686e-03
9.645151055123276640e-01,-2.561721209957733367e-03
9.633379155906824920e-01,-2.646154488382253429e-03
9.621422935703759505e-01,-2.731876691999405964e-03
9.609282891665972270e-01,-2.818882993686338927e-03
9.596959528453283816e-01,-2.907168517330398910e-03
9.584453358206912466e-01,-2.996728338771828884e-03
9.571764900522604647e-01,-3.087557486726367432e-03
9.558894682423447753e-01,-3.179650943687088119e-03
9.545843238332359926e-01,-3.273003646804009247e-03
9.532611110044262315e-01,-3.367610488740166875e-03
9.519198846697938254e-01,-3.463466318502961966e-03
9.505607004747586020e-01,-3.560565942249886966e-03
9.491836147934059609e-01,-3.658904124066853294e-03
9.477886847255815317e-01,-3.758475586718700804e-03
9.463759680939546337e-01,-3.859275012370090314e-03
9.449455234410536475e-01,-3.961297043276016359e-03
9.434974100262708552e-01,-4.064536282440724992e-03
9.420316878228396362e-01,-4.168987294244141072e-03
9.405484175147824644e-01,-4.274644605033951078e-03
9.390476604938303717e-01,-4.381502703683669286e-03
9.375294788563157677e-01,-4.489556042114282129e-03
9.359939354000365030e-01,-4.598799035779474638e-03
9.344410936210936214e-01,-4.709226064112882054e-03
9.328710177107017998e-01,-4.820831470936461950e-03
9.312837725519734766e-01,-4.933609564829396187e-03
9.296794237166774444e-01,-5.047554619456446311e-03
9.280580374619692430e-01,-5.162660873854751052e-03
9.264196807271000145e-01,-5.278922532678458762e-03
9.247644211300954931e-01,-5.396333766400017787e-03
9.230923269644137896e-01,-5.514888711468171612e-03
9.214034671955768641e-01,-5.634581470420751449e-03
9.196979114577773506e-01,-5.755406111952510000e-03
9.179757300504620687e-01,-5.877356670936877484e-03
9.162369939348919967e-01,-6.000427148401209741e-03
9.144817747306782652e-01,-6.124611511454446794e-03
9.127101447122939470e-01,-6.249903693167488047e-03
9.109221768055660862e-01,-6.376297592404773194e-03
9.091179445841406359e-01,-6.503787073607233613e-03
9.072975222659294126e-01,-6.632365966525888279e-03
9.054609847095317354e-01,-6.762028065905817918e-03
9.036084074106359720e-01,-6.892767131119861661e-03
9.017398664983978795e-01,-7.024576885751953811e-03
8.998554387317998504e-01,-7.157451017129771130e-03
8.979552014959871764e-01,-7.291383175806243067e-03
8.960392327985833294e-01,-7.426366974989927552e-03
8.941076112659862574e-01,-7.562395989923840350e-03
8.921604161396426980e-01,-7.699463757212849854e-03
8.901977272723025081e-01,-7.837563774099543662e-03
8.882196251242541196e-01,-7.976689497687934616e-03
8.862261907595382349e-01,-8.116834344116093114e-03
8.842175058421438694e-01,-8.257991687676425469e-03
8.821936526321844108e-01,-8.400154859884987821e-03
8.801547139820535826e-01,-8.543317148498895397e-03
8.781007733325634224e-01,-8.687471796482678851e-03
8.760319147090632752e-01,-8.832612000923237283e-03
8.739482227175405793e-01,-8.978730911894232739e-03
8.718497825407016677e-01,-9.125821631269938339e-03
8.697366799340368049e-01,-9.273877211488604222e-03
8.676090012218644620e-01,-9.422890654266451518e-03
8.654668332933598274e-01,-9.572854909261739251e-03
8.633102635985645534e-01,-9.723762872690557349e-03
8.611393801443791851e-01,-9.875607385893615461e-03
8.589542714905376020e-01,-1.002838123385582300e-02
8.567550267455652513e-01,-1.018207714367835859e-02
8.545417355627202838e-01,-1.033668778300399563e-02
8.523144881359154823e-01,-1.049220575839724529e-02
8.500733751956267570e-01,-1.064862361367879644e-02
8.478184880047817673e-01,-1.080593382821595783e-02
8.455499183546355546e-01,-1.096412881516965233e-02
8.432677585606253023e-01,-1.112320091969866767e-02
8.409721014582131060e-01,-1.128314241712252003e-02
8.386630403987099802e-01,-1.144394551104320479e-02
8.363406692450845448e-01,-1.160560233142787952e-02
8.340050823677563896e-01,-1.176810493265227804e-02
8.316563746403731194e-01,-1.193144529150691469e-02
8.292946414355716334e-01,-1.209561530516676739e-02
8.269199786207241942e-01,-1.226060678912595757e-02
8.245324825536698432e-01,-1.242641147509782572e-02
8.221322500784287168e-01,-1.259302100888284523e-02
8.197193785209029304e-01,-1.276042694820460517e-02
8.172939656845618073e-01,-1.292862076051603214e-02
8.148561098461122310e-01,-1.309759382077597088e-02
8.124059097511541205e-01,-1.326733740919973543e-02
8.099434646098212509e-01,-1.343784270898207289e-02
8.074688740924079733e-01,-1.360910080399696694e-02
8.049822383249809477e-01,-1.378110267647361491e-02
8.024836578849769975e-01,-1.395383920465134535e-02
7.999732337967859763e-01,-1.412730116041443530e-02
7.974510675273209781e-01,-1.430147920690889342e-02
7.949172609815731150e-01,-1.447636389614222543e-02
7.923719164981539720e-01,-1.465194566656854991e-02
7.898151368448225185e-01,-1.482821484066025423e-02
7.872470252140000291e-01,-1.500516162246806270e-02
7.846676852182711270e-01,-1.518277609517138839e-02
7.820772208858711716e-01,-1.536104821862056477e-02
7.794757366561607670e-01,-1.553996782687277686e-02
7.768633373750872817e-01,-1.571952462572363818e-02
7.742401282906328230e-01,-1.589970819023624540e-02
7.716062150482503323e-01,-1.608050796226928245e-02
7.689617036862870236e-01,-1.626191324800646543e-02
7.663067006313939444e-01,-1.644391321548934262e-02
7.636413126939252116e-01,-1.662649689215432020e-02
7.609656470633235914e-01,-1.680965316237746643e-02
7.582798113034946441e-01,-1.699337076502771549e-02
7.555839133481684344e-01,-1.717763829103129136e-02
7.528780614962509166e-01,-1.736244418094844838e-02
7.501623644071618857e-01,-1.754777672256579643e-02
7.474369310961629376e-01,-1.773362404850493262e-02
7.447018709296737704e-01,-1.791997413385012367e-02
7.419572936205776070e-01,-1.810681479379706166e-02
7.392033092235152925e-01,-1.829413368132435866e-02
7.364400281301691775e-01,-1.848191828489004901e-02
7.336675610645368995e-01,-1.867015592615530600e-02
7.308860190781939492e-01,-1.885883375773689946e-02
7.280955135455469129e-01,-1.904793876099112812e-02
7.252961561590767214e-01,-1.923745774383076729e-02
7.224880589245722406e-01,-1.942737733857698851e-02
7.196713341563542032e-01,-1.961768399984900949e-02
7.168460944724898143e-01,-1.980836400249273710e-02
7.140124527899999185e-01,-1.999940343955060318e-02
7.111705223200545101e-01,-2.019078822027522979e-02
7.083204165631630245e-01,-2.038250406818792326e-02
7.054622493043540832e-01,-2.057453651918482798e-02
7.025961346083473558e-01,-2.076687091969268636e-02
6.997221868147197599e-01,-2.095949242487534989e-02
6.968405205330615582e-01,-2.115238599689418450e-02
6.939512506381266821e-01,-2.134553640322351536e-02
6.910544922649758393e-01,-2.153892821502332439e-02
6.881503608041128484e-01,-2.173254580557118509e-02
6.852389718966150900e-01,-2.192637334875507590e-02
6.823204414292565190e-01,-2.212039481762938936e-02
6.793948855296267908e-01,-2.231459398303543146e-02
6.764624205612432828e-01,-2.250895441228882229e-02
6.735231631186585632e-01,-2.270345946793528996e-02
6.705772300225631977e-01,-2.289809230657638070e-02
6.676247383148837811e-01,-2.309283587776759031e-02
6.646658052538761963e-01,-2.328767292299007557e-02
6.617005483092158746e-01,-2.348258597469750700e-02
6.587290851570842820e-01,-2.367755735544035608e-02
6.557515336752509638e-01,-2.387256917706866502e-02
6.527680119381545909e-01,-2.406760334001541157e-02
6.497786382119803417e-01,-2.426264153266118051e-02
6.467835309497347307e-01,-2.445766523078302807e-02
6.437828087863195492e-01,-2.465265569708745969e-02
6.407765905336041401e-01,-2.484759398083035559e-02
6.377649951754954527e-01,-2.504246091752434025e-02
6.347481418630092076e-01,-2.523723712873529243e-02
6.317261499093387300e-01,-2.543190302196952218e-02
6.286991387849255597e-01,-2.562643879065234359e-02
6.256672281125290613e-01,-2.582082441420006230e-02
6.226305376622979226e-01,-2.601503965818565203e-02
6.195891873468418742e-01,-2.620906407460012189e-02
6.165432972163051861e-01,-2.640287700221038633e-02
6.134929874534431615e-01,-2.659645756701391195e-02
6.104383783686994080e-01,-2.678978468279289565e-02
6.073795903952866615e-01,-2.698283705176686767e-02
6.043167440842712734e-01,-2.717559316534625194e-02
6.012499600996600302e-01,-2.736803130498693254e-02
5.981793592134921900e-01,-2.756012954314659633e-02
5.951050623009348506e-01,-2.775186574434398978e-02
5.920271903353839793e-01,-2.794321756632166601e-02
5.889458643835702167e-01,-2.813416246131222181e-02
5.858612056006703428e-01,-2.832467767740978748e-02
5.827733352254250709e-01,-2.851474026004620702e-02
5.796823745752625046e-01,-2.870432705357274517e-02
5.765884450414299200e-01,-2.889341470294802192e-02
5.734916680841309899e-01,-2.908197965553212597e-02
5.703921652276723320e-01,-2.926999816298708063e-02
5.672900580556176076e-01,-2.945744628328437337e-02
5.641854682059496140e-01,-2.964429988281955253e-02
5.610785173662425906e-01,-2.983053463863330132e-02
5.579693272688421857e-01,-3.001612604074025206e-02
5.548580196860568581e-01,-3.020104939456454141e-02
5.517447164253584946e-01,-3.038527982348230780e-02
5.486295393245943508e-01,-3.056879227147104444e-02
5.455126102472088734e-01,-3.075156150586574183e-02
5.423940510774782897e-01,-3.093356212022113985e-02
5.392739837157558558e-01,-3.111476853727997496e-02
5.361525300737303157e-01,-3.129515501204707673e-02
5.330298120696957964e-01,-3.147469563496821388e-02
5.299059516238360246e-01,-3.165336433521386689e-02
5.267810706535208665e-01,-3.183113488406681679e-02
5.236552910686173012e-01,-3.200798089841303679e-02
5.205287347668141607e-01,-3.218387584433532456e-02
5.174015236289611908e-01,-3.235879304080889474e-02
5.142737795144235458e-01,-3.253270566349750204e-02
5.111456242564513808e-01,-3.270558674865021304e-02
5.080171796575646548e-01,-3.287740919709670334e-02
5.048885674849541427e-01,-3.304814577834121192e-02
5.017599094658989900e-01,-3.321776913475291831e-02
4.986313272832003096e-01,-3.338625178585251374e-02
4.955029425706319324e-01,-3.355356613269312033e-02
4.923748769084090315e-01,-3.371968446233460093e-02
4.892472518186732344e-01,-3.388457895240976764e-02
4.861201887609965522e-01,-3.404822167578119840e-02
4.829938091279034618e-01,-3.421058460528701717e-02
4.798682342404104739e-01,-3.437163961857432615e-02
4.767435853435856297e-01,-3.453135850301856935e-02
4.736199836021265375e-01,-3.468971296072696775e-02
4.704975500959576729e-01,-3.484667461362511709e-02
4.673764058158473844e-01,-3.500221500862382706e-02
4.642566716590444398e-01,-3.515630562286549410e-02
4.611384684249354438e-01,-3.530891786904716279e-02
4.580219168107208527e-01,-3.546002310081922126e-02
4.549071374071135265e-01,-3.560959261825745459e-02
4.517942506940563208e-01,-3.575759767340558337e-02
4.486833770364614393e-01,-3.590400947588794772e-02
4.455746366799705482e-01,-3.604879919858842985e-02
4.424681497467364832e-01,-3.619193798339467860e-02
4.393640362312256631e-01,-3.633339694700465916e-02
4.362624159960428183e-01,-3.647314718679360579e-02
4.331634087677770917e-01,-3.661115978673910865e-02
4.300671341328696773e-01,-3.674740582340142725e-02
4.269737115335041633e-01,-3.688185637195754568e-02
4.238832602635184688e-01,-3.701448251228540987e-02
4.207958994643385964e-01,-3.714525533509688976e-02
4.177117481209352556e-01,-3.727414594811591375e-02
4.146309250578025796e-01,-3.740112548230033196e-02
4.115535489349589349e-01,-3.752616509810363654e-02
4.084797382439707691e-01,-3.764923599177490837e-02
4.054096113039981630e-01,-3.777030940169379125e-02
4.023432862578635860e-01,-3.788935661473789851e-02
3.992867121841231492e-01,-3.800638459002751712e-02
3.962532046403797192e-01,-3.812224066420605295e-02
3.932239136061391194e-01,-3.823726922903802894e-02
3.901989511579762038e-01,-3.835143636683364943e-02
3.871784291414031576e-01,-3.846470805518606428e-02
3.841624591683945322e-01,-3.857705017462519093e-02
3.811511526149544138e-01,-3.868842851630762553e-02
3.781446206187248360e-01,-3.879880878973980540e-02
3.751429740766344390e-01,-3.890815663053075191e-02
3.721463236425879839e-01,-3.901643760817161827e-02
3.691547797251946705e-01,-3.912361723383818435e-02
3.661684524855364775e-01,-3.922966096821368931e-02
3.631874518349734737e-01,-3.933453422932827598e-02
3.602118874329887088e-01,-3.943820240041171626e-02
3.572418686850689640e-01,-3.954063083775648246e-02
3.542775047406224176e-01,-3.964178487858725786e-02
3.513189044909322822e-01,-3.974162984893436779e-02
3.483661765671449140e-01,-3.984013107150669031e-02
3.454194293382933934e-01,-3.993725387356203416e-02
3.424787709093528032e-01,-4.003296359477023780e-02
3.395443091193299789e-01,-4.012722559506695652e-02
3.366161515393839565e-01,-4.022000526249375901e-02
3.336944054709783947e-01,-4.031126802102182050e-02
3.307791779440631963e-01,-4.040097933835569421e-02
3.278705757152866052e-01,-4.048910473371378910e-02
3.249687052662343367e-01,-4.057560978558227838e-02
3.220736728016970196e-01,-4.066046013943924731e-02
3.191855842479641159e-01,-4.074362151544543009e-02
3.163045452511428213e-01,-4.082505971609896867e-02
3.134306611755023897e-01,-4.090474063385002995e-02
3.105640371018407175e-01,-4.098263025867281140e-02
3.077047778258748534e-01,-4.105869468559127794e-02
3.048529878566517137e-01,-4.113290012215559815e-02
3.020087714149798375e-01,-4.120521289586613622e-02
2.991722324318806803e-01,-4.127559946154163439e-02
2.963434745470573950e-01,-4.134402640862892830e-02
2.935226011073814312e-01,-4.141046046845045514e-02
2.907097151653950662e-01,-4.147486852138706354e-02
2.879049194778283138e-01,-4.153721760399289170e-02
2.851083165041304879e-01,-4.159747491603921210e-02
2.823200084050133118e-01,-4.165560782748440466e-02
2.795400970410065744e-01,-4.171158388536720663e-02
2.767686839710233326e-01,-4.176537082062022066e-02
2.740058704509347187e-01,-4.181693655480094030e-02
2.712517574321527403e-01,-4.186624920673724659e-02
2.685064455602187983e-01,-4.191327709908533594e-02
2.657700351733996436e-01,-4.195798876479614470e-02
2.630426263012860533e-01,-4.200035295348895914e-02
2.603243186633958928e-01,-4.204033863772876217e-02
2.576152116677783432e-01,-4.207791501920485344e-02
2.549154044096195726e-01,-4.211305153480833507e-02
2.522249956698476847e-01,-4.214571786260637443e-02
2.495440839137360589e-01,-4.217588392770992012e-02
2.468727672895041358e-01,-4.220351990803360154e-02
2.442111436269143732e-01,-4.222859623994458522e-02
2.415593104358633725e-01,-4.225108362379887544e-02
2.389173649049677051e-01,-4.227095302936234589e-02
2.362854039001411888e-01,-4.228817570111470525e-02
2.336635239631640881e-01,-4.230272316343434286e-02
2.310518213102426555e-01,-4.231456722566179912e-02
2.284503918305569314e-01,-4.232367998704014700e-02
2.258593310847972491e-01,-4.233003384153041088e-02
2.232787343036868599e-01,-4.233360148250027433e-02
2.207086963864904883e-01,-4.233435590728412690e-02
2.181493118995072866e-01,-4.233227042161279152e-02
2.156006750745470546e-01,-4.232731864391195420e-02
2.130628798073892771e-01,-4.231947450946668687e-02
2.105360196562226227e-01,-4.230871227445151539e-02
2.080201878400655124e-01,-4.229500651982450593e-02
2.055154772371651783e-01,-4.227833215508333686e-02
2.030219803833752668e-01,-4.225866442188332128e-02
2.005397894705104322e-01,-4.223597889751495860e-02
1.980689963446772284e-01,-4.221025149824100819e-02
1.956096925045802404e-01,-4.218145848249117702e-02
1.931619690998022387e-01,-4.214957645391415042e-02
1.907259169290583256e-01,-4.211458236428566870e-02
1.883016264384217986e-01,-4.207645351627206654e-02
1.858891877195225084e-01,-4.203516756604851190e-02
1.834886905077149355e-01,-4.199070252577113971e-02
1.811002241802176782e-01,-4.194303676590290658e-02
1.787238777542208001e-01,-4.189214901739220231e-02
1.763597398849623688e-01,-4.183801837370421106e-02
1.740078988637723811e-01,-4.178062429270438388e-02
1.716684426160843546e-01,-4.171994659839398101e-02
1.693414586994118620e-01,-4.165596548249736464e-02
1.670270343012923986e-01,-4.158866150590115329e-02
1.647252562371952778e-01,-4.151801559994480750e-02
1.624362109483942773e-01,-4.144400906756323666e-02
1.601599844998044531e-01,-4.136662358428104536e-02
1.578966625777818988e-01,-4.128584119905905764e-02
1.556463304878872300e-01,-4.120164433499308443e-02
1.534090731526106255e-01,-4.111401578986549621e-02
1.511849751090598437e-01,-4.102293873655001033e-02
1.489741205066092977e-01,-4.092839672327004685e-02
1.467765931045107441e-01,-4.083037367371162435e-02
1.445924762694650589e-01,-4.072885388699090670e-02
1.424218529731547667e-01,-4.062382203747774007e-02
1.402648057897369349e-01,-4.051526317447563114e-02
1.381214168932964337e-01,-4.040316272175908940e-02
1.359917680552596153e-01,-4.028750647696951320e-02
1.338759406417678599e-01,-4.016828061087033414e-02
1.317740156110107086e-01,-4.004547166646300893e-02
1.296860735105195006e-01,-3.991906655796441383e-02
1.276121944744206260e-01,-3.978905256964754972e-02
1.255524582206481721e-01,-3.965541735454648775e-02
1.235069440481175729e-01,-3.951814893302690174e-02
1.214757308338582226e-01,-3.937723569122416473e-02
1.194588970301068420e-01,-3.923266637934975931e-02
1.174565206613611273e-01,-3.908443010986849264e-02
1.154686793213941520e-01,-3.893251635554735579e-02
1.134954501702288010e-01,-3.877691494737846301e-02
1.115369099310743600e-01,-3.861761607237723659e-02
1.095931348872238725e-01,-3.845461027125829379e-02
1.076642008789133742e-01,-3.828788843599062464e-02
1.057501833001435326e-01,-3.811744180723396214e-02
1.038511570954636920e-01,-3.794326197165878711e-02
1.019671967567192250e-01,-3.776534085915161237e-02
1.000983763197624693e-01,-3.758367073990809271e-02
9.824476936112756797e-02,-3.739824422141589666e-02
9.640644899467068485e-02,-3.720905424532990058e-02
9.458348786817510900e-02,-3.701609408424169634e-02
9.277595815992226158e-02,-3.681935733834600100e-02
9.098393157523051999e-02,-3.661883793200662596e-02
8.920747934295990278e-02,-3.641453011022379588e-02
8.744667221198669516e-02,-3.620642843500630759e-02
8.570158044764580874e-02,-3.599452778165002781e-02
8.397227382814381746e-02,-3.577882333492645589e-02
8.225882164094247551e-02,-3.555931058518315563e-02
8.056129267911397995e-02,-3.533598532435917872e-02
7.887975523766882491e-02,-3.510884364191819290e-02
7.721427710985714898e-02,-3.487788192070195858e-02
7.556492558344476973e-02,-3.464309683270725554e-02
7.393176743696502906e-02,-3.440448533478879939e-02
7.231486893594657461e-02,-3.416204466429131892e-02
7.071429582911975542e-02,-3.391577233461350038e-02
6.913011334460152091e-02,-3.366566613070707398e-02
6.756238618605998891e-02,-3.341172410451360986e-02
6.601117852886070891e-02,-3.315394457034245845e-02
6.447655401619527271e-02,-3.289232610019268005e-02
6.295857575519302196e-02,-3.262686751902203752e-02
6.145730631301823260e-02,-3.235756789996614702e-02
5.997280771295295659e-02,-3.208442655951106864e-02
5.850514143046744997e-02,-3.180744305262224458e-02
5.705436838927933213e-02,-3.152661716783304591e-02
5.562054895740280169e-02,-3.124194892229616161e-02
5.420374294318933833e-02,-3.095343855680100786e-02
5.280400959136082040e-02,-3.066108653076012394e-02
5.142140757903746612e-02,-3.036489351716815249e-02
5.005599501176076493e-02,-3.006486039753636028e-02
4.870782941951364020e-02,-2.976098825680586341e-02
4.737696775273948779e-02,-2.945327837824323128e-02
4.606346637836016694e-02,-2.914173223832106085e-02
4.476738107579647519e-02,-2.882635150158733076e-02
4.348876703299063562e-02,-2.850713801552638704e-02
4.222767884243361358e-02,-2.818409380541512035e-02
4.098417049719812327e-02,-2.785722106917727647e-02
3.975829538697908672e-02,-2.752652217223931774e-02
3.855010629414268308e-02,-2.719199964239095782e-02
3.735965538978634759e-02,-2.685365616465372474e-02
3.618699422981024733e-02,-2.651149457616054639e-02
3.503217375100229486e-02,-2.616551786104973423e-02
3.389524426713838579e-02,-2.581572914537652585e-02
3.277625546509910226e-02,-2.546213169204517707e-02
3.167525640100440215e-02,-2.510472889576504871e-02
3.059229549636787587e-02,-2.474352427803337695e-02
2.952742053427256930e-02,-2.437852148214848802e-02
2.848067865556910827e-02,-2.400972426825577835e-02
2.745211635509824111e-02,-2.363713650843015171e-02
2.644177947793910702e-02,-2.326076218179755351e-02
2.544971321568491318e-02,-2.288060536969885317e-02
2.447596210274721740e-02,-2.249667025089888139e-02
2.352057001269094311e-02,-2.210896109684375166e-02
2.258358015460061943e-02,-2.171748226696907855e-02
2.166503506948050384e-02,-2.132223820406238882e-02
2.076497662668915986e-02,-2.092323342968220590e-02
1.988344602041052650e-02,-2.052047253963689560e-02
1.902048376616257211e-02,-2.011396019952578149e-02
1.817612969734510101e-02,-1.970370114034552048e-02
1.735042296182829832e-02,-1.928970015416424724e-02
1.654340201858293946e-02,-1.887196208986614138e-02
1.575510463435464761e-02,-1.845049184896933175e-02
1.498556788038209360e-02,-1.802529438151910524e-02
1.423482812916178862e-02,-1.759637468205945549e-02
1.350292105126042232e-02,-1.716373778568530337e-02
1.278988161217568635e-02,-1.672738876417767181e-02
1.209574406924709619e-02,-1.628733272222415360e-02
1.142054196861857877e-02,-1.584357479372736771e-02
1.076430814225301687e-02,-1.539612013820307324e-02
1.012707470500109549e-02,-1.494497393727068496e-02
9.508873051724736625e-03,-1.449014139123793246e-02
8.909733854476929726e-03,-1.403162771578208949e-02
8.329687059738591359e-03,-1.356943813872945465e-02
7.768761885714070559e-03,-1.310357789693545640e-02
7.226986819685775332e-03,-1.263405223326681884e-02
6.704389615429688816e-03,-1.216086639368821852e-02
6.200997290692004081e-03,-1.168402562445456858e-02
5.716836124728385919e-03,-1.120353516941106908e-02
5.251931655907090407e-03,-1.071940026740301165e-02
4.806308679375727137e-03,-1.023162614979579443e-02
4.379991244793859408e-03,-9.740218038108004739e-03
3.973002654131549058e-03,-9.245181141758228305e-03
3.585365459534613133e-03,-8.746520655926957530e-03
3.217101461258049973e-03,-8.244241759535701070e-03
2.868231705667466901e-03,-7.738349613343431001e-03
2.538776483309886436e-03,-7.228849358162387634e-03
2.228755327054407660e-03,-6.715746113194153571e-03
1.938187010303244872e-03,-6.199044974486812333e-03
1.667089545273936317e-03,-5.678751013514552436e-03
1.415480181353052577e-03,-5.154869275880179236e-03
1.183375403522031076e-03,-4.627404780141490363e-03
9.707909308558928217e-04,-4.096362516762958907e-03
7.777417150947766667e-04,-3.561747447192367862e-03
6.042419392889477724e-04,-3.023564503063464002e-03
4.503050165173539646e-04,-2.481818585524091236e-03
3.159435886814185063e-04,-1.936514564695078532e-03
2.011695253716419269e-04,-1.387657279251193389e-03
1.059939228099435855e-04,-8.352515361329973347e-04
3.042710286666142563e-05,-2.793021103860455091e-04
-2.548242031258588438e-05,2.797965771133352183e-04
-6.149207322090323121e-05,8.397015973159878931e-04
-7.755490648997967430e-05,1.400017786103484752e-03
-7.366372774203125808e-05,1.960738882068328599e-03
-4.981213483903798285e-05,2.521857849032655557e-03
-5.994516680225836242e-06,3.083366876575669834e-03
5.779394598741068641e-05,3.645257380810527914e-03
1.415572797462392486e-04,4.207520005414320217e-03
2.452987176720423132e-04,4.770144622901861635e-03
3.690206984861155864e-04,5.333120336152212190e-03
5.127248656953245541e-04,5.896435480182335952e-03
6.764120667205264980e-04,6.460077624168340978e-03
8.600823520135715810e-04,7.024033573712975403e-03
1.063734974163592015e-03,7.588289373359658960e-03
1.287368386992894216e-03,8.152830309351334279e-03
1.530980244642858199e-03,8.717640912632922817e-03
1.794567400650508380e-03,9.282704962096712323e-03
2.078125907016207044e-03,9.848005488069033059e-03
2.381651013263117421e-03,1.041352477603708221e-02
2.705137165489234115e-03,1.097924437061477063e-02
3.048578005412142227e-03,1.154514507974508004e-02
3.411966369407892948e-03,1.211120697913863758e-02
3.795294287544223079e-03,1.267740941694587078e-02
4.198552982608900856e-03,1.324373101866106912e-02
4.621732869134621835e-03,1.381014969225734246e-02
5.064823552420216757e-03,1.437664263354901557e-02
5.527813827549950786e-03,1.494318633178073549e-02
6.010691678411596295e-03,1.550975657544078658e-02
6.513444276713770131e-03,1.607632845829596105e-02
7.036057981004126965e-03,1.664287638564636990e-02
7.578518335688814653e-03,1.720937408079726422e-02
8.140810070054684336e-03,1.777579459174588594e-02
8.722917097294866778e-03,1.834211029808039198e-02
9.324822513539237148e-03,1.890829291808867121e-02
9.946508596890243567e-03,1.947431351607389546e-02
1.058795680646605099e-02,2.004014250987471574e-02
1.124914778145112530e-02,2.060574967858635337e-02
1.193006134015633588e-02,2.117110417048066739e-02
1.263067647908934325e-02,2.173617451112160037e-02
1.335097137203624176e-02,2.230092861167298421e-02
1.409092336915602692e-02,2.286533377739586106e-02
1.485050899608945582e-02,2.342935671633220376e-02
1.562970395308244803e-02,2.399296354817120197e-02
1.642848311412651099e-02,2.455611981329554327e-02
1.724682052611678507e-02,2.511879048200383116e-02
1.808468940802919131e-02,2.568093996390588898e-02
1.894206215011815658e-02,2.624253211748753256e-02
1.981891031313581797e-02,2.680353025984097415e-02
2.071520462757468761e-02,2.736389717655763471e-02
2.163091499293437123e-02,2.792359513177927743e-02
2.256601047701468910e-02,2.848258587840436437e-02
2.352045931523541467e-02,2.904083066844506331e-02
2.449422890998501079e-02,2.959829026353185538e-02
2.548728582999915809e-02,3.015492494556128861e-02
2.649959580977071655e-02,3.071069452748346681e-02
2.753112374899246984e-02,3.126555836422481582e-02
2.858183371203418255e-02,3.181947536374280655e-02
2.965168892745486534e-02,3.237240399820760783e-02
3.074065178755242683e-02,3.292430231530772688e-02
3.184868384795160046e-02,3.347512794967465871e-02
3.297574582723161729e-02,3.402483813442284261e-02
3.412179760659503347e-02,3.457338971280052992e-02
3.528679822957928730e-02,3.512073914994745527e-02
3.647070590181233918e-02,3.566684254475513405e-02
3.767347799081334492e-02,3.621165564182528274e-02
3.889507102584044418e-02,3.675513384352235846e-02
4.013544069778657991e-02,3.729723222211560330e-02
4.139454185912481987e-02,3.783790553200658269e-02
4.267232852390438758e-02,3.837710822203741629e-02
4.396875386779937334e-02,3.891479444787585007e-02
4.528377022821016701e-02,3.945091808447220155e-02
4.661732910442080435e-02,3.998543273858445185e-02
4.796938115781154005e-02,4.051829176136619026e-02
4.933987621212927721e-02,4.104944826101381006e-02
5.072876325381694279e-02,4.157885511546810520e-02
5.213599043240227382e-02,4.210646498516566749e-02
5.356150506094840141e-02,4.263223032583608046e-02
5.500525361656653095e-02,4.315610340134011513e-02
5.646718174099231435e-02,4.367803629654447295e-02
5.794723424122712185e-02,4.419798093022878765e-02
5.944535509024509445e-02,4.471588906802043129e-02
6.096148742776768409e-02,4.523171233535243363e-02
6.249557356110579248e-02,4.574540223044034487e-02
6.404755496607189569e-02,4.625691013727357970e-02
6.561737228796199473e-02,4.676618733861652444e-02
6.720496534260891885e-02,4.727318502901538960e-02
6.881027311750850806e-02,4.777785432780635305e-02
7.043323377301882737e-02,4.828014629212024067e-02
7.207378464363328741e-02,4.878001192987991425e-02
7.373186223932988448e-02,4.927740221278563426e-02
7.540740224699568617e-02,4.977226808928438689e-02
7.710033953192879652e-02,5.026456049751850536e-02
7.881060813941770382e-02,5.075423037824978306e-02
8.053814129639964847e-02,5.124122868775447814e-02
8.228287141319791387e-02,5.172550641068520555e-02
8.404473008533933087e-02,5.220701457289546321e-02
8.582364809545237061e-02,5.268570425422253178e-02
8.761955541524718560e-02,5.316152660122512585e-02
8.943238120757643350e-02,5.363443283987087695e-02
9.126205382858033899e-02,5.410437428817073402e-02
9.310850082991330157e-02,5.457130236875505636e-02
9.497164896105508847e-02,5.503516862138845694e-02
9.685142417170608531e-02,5.549592471541921201e-02
9.874775161426650738e-02,5.595352246215883063e-02
1.006605556464011952e-01,5.640791382718886304e-02
1.025897598336893562e-01,5.685905094259048609e-02
1.045352869523599043e-01,5.730688611909355579e-02
1.064970589921128974e-01,5.775137185814119278e-02
1.084749971590268647e-01,5.819246086386649364e-02
1.104690218785525785e-01,5.863010605497773198e-02
1.124790527985935762e-01,5.906426057654849682e-02
1.145050087926724330e-01,5.949487781170944428e-02
1.165468079631848397e-01,5.992191139323815169e-02
1.186043676447397222e-01,6.034531521504395146e-02
1.206776044075861254e-01,6.076504344354401871e-02
1.227664340611268751e-01,6.118105052892829077e-02
1.248707716575191973e-01,6.159329121630918724e-02
1.269905314953610198e-01,6.200172055675375743e-02
1.291256271234643982e-01,6.240629391819493138e-02
1.312759713447148591e-01,6.280696699621884926e-02
1.334414762200159532e-01,6.320369582472576409e-02
1.356220530723206974e-01,6.359643678646120790e-02
1.378176124907470601e-01,6.398514662341518722e-02
1.400280643347791010e-01,6.436978244708632668e-02
1.422533177385524317e-01,6.475030174860875454e-02
1.444932811152237206e-01,6.512666240873879464e-02
1.467478621614240197e-01,6.549882270769935566e-02
1.490169678617948579e-01,6.586674133487958882e-02
1.513005044936071020e-01,6.623037739838717741e-02
1.535983776314619464e-01,6.658969043445175928e-02
1.559104921520728104e-01,6.694464041667638754e-02
1.582367522391283365e-01,6.729518776513586376e-02
1.605770613882351316e-01,6.764129335531933462e-02
1.629313224119396386e-01,6.798291852691551451e-02
1.652994374448289172e-01,6.832002509243867427e-02
1.676813079487086688e-01,6.865257534569357833e-02
1.700768347178583662e-01,6.898053207007780185e-02
1.724859178843618779e-01,6.930385854671952672e-02
1.749084569235139497e-01,6.962251856244991433e-02
1.773443506593000429e-01,6.993647641760783462e-02
1.797934972699498091e-01,7.024569693367639645e-02
1.822557942935622566e-01,7.055014546074918347e-02
1.847311386338026939e-01,7.084978788482593215e-02
1.872194265656690060e-01,7.114459063493552837e-02
1.897205537413273746e-01,7.143452069008619787e-02
1.922344151960158065e-01,7.171954558604133612e-02
1.947609053540141355e-01,7.199963342192042259e-02
1.972999180346798331e-01,7.227475286662410348e-02
1.998513464585481292e-01,7.254487316508269334e-02
2.024150832534949707e-01,7.280996414432777675e-02
2.049910204609623754e-01,7.306999621938572997e-02
2.075790495422437931e-01,7.332494039899363492e-02
2.101790613848293354e-01,7.357476829113610006e-02
2.127909463088088760e-01,7.381945210840377969e-02
2.154145940733315223e-01,7.405896467317243936e-02
2.180498938831209876e-01,7.429327942260295636e-02
2.206967343950441418e-01,7.452237041346226887e-02
2.233550037247331588e-01,7.474621232676464944e-02
2.260245894532579292e-01,7.496478047223409380e-02
2.287053786338485994e-01,7.517805079258774170e-02
2.313972577986667112e-01,7.538599986764039917e-02
2.341001129656225255e-01,7.558860491823046757e-02
2.368138296452387270e-01,7.578584380996822301e-02
2.395382928475568440e-01,7.597769505680618263e-02
2.422733870890871888e-01,7.616413782443244573e-02
2.450189963997994047e-01,7.634515193348768991e-02
2.477750043301522043e-01,7.652071786260636332e-02
2.505412939581614928e-01,7.669081675128280873e-02
2.533177478965046303e-01,7.685543040256331837e-02
2.561042482996597203e-01,7.701454128556461942e-02
2.589006768710778728e-01,7.716813253782045523e-02
2.617069148703883852e-01,7.731618796745638733e-02
2.645228431206330666e-01,7.745869205519458067e-02
2.673483420155299828e-01,7.759562995618966841e-02
2.701832915267639024e-01,7.772698750169643178e-02
2.730275712113034436e-01,7.785275120057101594e-02
2.758810602187408145e-01,7.797290824060713887e-02
2.787436372986560884e-01,7.808744648970805668e-02
2.816151808080008534e-01,7.819635449689650575e-02
2.844955687185024007e-01,7.829962149316360698e-02
2.873846786240853990e-01,7.839723739215842535e-02
2.902823877483107773e-01,7.848919279071998878e-02
2.931885729518287076e-01,7.857547896925323738e-02
2.961031107398456874e-01,7.865608789195073502e-02
2.990258772696037237e-01,7.873101220686193336e-02
3.019567483578692313e-01,7.880024524581166756e-02
3.048955994884318677e-01,7.886378102417002101e-02
3.078423058196106399e-01,7.892161424047522411e-02
3.107967421917653961e-01,7.897374027591169687e-02
3.137587831348138678e-01,7.902015519364527507e-02
3.167283028757520991e-01,7.906085573801739652e-02
3.197051753461754298e-01,7.909583933360087027e-02
3.226892741898012007e-01,7.912510408411867202e-02
3.256804727699896262e-01,7.914864877122868014e-02
3.286786441772628908e-01,7.916647285317564287e-02
3.316836612368201376e-01,7.917857646331369348e-02
3.346953965160470723e-01,7.918496040850064865e-02
3.377137223320206827e-01,7.918562616736710136e-02
3.407385107590042428e-01,7.918057588846223738e-02
3.437696336359352678e-01,7.916981238827894285e-02
3.468069625739017003e-01,7.915333914916029834e-02
3.498503689636079939e-01,7.913116031709040155e-02
3.528997239828271515e-01,7.910328069937108686e-02
3.559548986038407192e-01,7.906970576218801117e-02
3.590157636008618480e-01,7.903044162806738271e-02
3.620821895574435345e-01,7.898549507322716323e-02
3.651540468738688205e-01,7.893487352482375652e-02
3.682312057745231182e-01,7.887858505809809684e-02
3.713135363152468282e-01,7.881663839342240019e-02
3.744009083906669755e-01,7.874904289325115880e-02
3.774931917415081384e-01,7.867580855897818304e-02
3.805902559618803971e-01,7.859694602770234129e-02
3.836919705065436892e-01,7.851246656890498166e-02
3.867982046981475741e-01,7.842238208104101993e-02
3.899088277344460174e-01,7.832670508804660814e-02
3.930237086954851411e-01,7.822544873576560420e-02
3.961427165507649395e-01,7.811862678829785411e-02
3.992657201663715183e-01,7.800625362427127119e-02
4.023736259864662546e-01,7.788873857970676773e-02
4.054795057180853868e-01,7.776701571087378528e-02
4.085890642836425002e-01,7.764114310233805050e-02
4.117021753738993595e-01,7.751114207829447322e-02
4.148187125697076483e-01,7.737703433906722994e-02
4.179385493477584257e-01,7.723884195618241355e-02
4.210615590863203694e-01,7.709658736742133756e-02
4.241876150709656401e-01,7.695029337185697871e-02
4.273165905002841436e-01,7.679998312487643086e-02
4.304483584915846928e-01,7.664568013319086881e-02
4.335827920865831797e-01,7.648740824983660258e-02
4.367197642570783134e-01,7.632519166916863773e-02
4.398591479106130908e-01,7.615905492184989189e-02
4.430008158961224463e-01,7.598902286983744148e-02
4.461446410095674109e-01,7.581512070136925407e-02
4.492904959995543956e-01,7.563737392595246134e-02
4.524382535729396526e-01,7.545580836935644742e-02
4.555877864004197475e-01,7.527045016861209914e-02
4.587389671221062115e-01,7.508132576701992411e-02
4.618916683530850387e-01,7.488846190916886858e-02
4.650457626889606400e-01,7.469188563596772246e-02
4.682011227113844765e-01,7.449162427969181766e-02
4.713576209935664285e-01,7.428770545904628264e-02
4.745151301057722870e-01,7.408015707424774055e-02
4.776735226208029816e-01,7.386900730212729582e-02
4.808326711194580438e-01,7.365428459125540617e-02
4.839924481959827496e-01,7.343601765709148466e-02
4.871527264634983312e-01,7.321423547715910640e-02
4.903133785594151473e-01,7.298896728624931773e-02
4.934742771508287551e-01,7.276024257165308873e-02
4.966352949398997185e-01,7.252809106842497688e-02
4.997963046692149303e-01,7.229254275467908442e-02
5.029571791271328918e-01,7.205362784691937694e-02
5.061177911531102858e-01,7.181137679540522401e-02
5.092780136430127280e-01,7.156582027955404879e-02
5.124377195544054242e-01,7.131698920338233605e-02
5.155967819118295603e-01,7.106491469098581704e-02
5.187550738120577654e-01,7.080962808206113512e-02
5.219124684293339200e-01,7.055116092746877010e-02
5.250688390205945355e-01,7.028954498483983016e-02
5.282240589306720357e-01,7.002481221422650337e-02
5.313780015974802762e-01,6.975699477379834756e-02
5.345305405571824098e-01,6.948612501558433519e-02
5.376815494493415448e-01,6.921223548126240188e-02
5.408309020220509744e-01,6.893535889799692895e-02
5.439784721370499732e-01,6.865552817432515886e-02
5.471241337748181666e-01,6.837277639609315449e-02
5.502677610396553565e-01,6.808713682244224574e-02
5.534092281647396971e-01,6.779864288184628274e-02
5.565484095171713275e-01,6.750732816820051441e-02
5.596851796029962411e-01,6.721322643696273080e-02
5.628194130722122823e-01,6.691637160134679407e-02
5.659509847237577107e-01,6.661679772856930748e-02
5.690797695104820031e-01,6.631453903614972778e-02
5.722056425440983363e-01,6.600962988826422628e-02
5.753284791001179732e-01,6.570210479215321531e-02
5.784481546227678850e-01,6.539199839458369190e-02
5.815645447298894988e-01,6.507934547836544126e-02
5.846775252178210147e-01,6.476418095892171045e-02
5.877869720662597386e-01,6.444653988091485208e-02
5.908927614431095376e-01,6.412645741492609130e-02
5.939947697093079793e-01,6.380396885418984643e-02
5.970928734236378155e-01,6.347910961138243657e-02
6.001869493475205930e-01,6.315191521546525966e-02
6.032768744497906122e-01,6.282242130858142759e-02
6.063625259114547861e-01,6.249066364300674692e-02
6.094437811304324049e-01,6.215667807815387913e-02
6.125205177262776912e-01,6.182050057762952106e-02
6.155926135448865910e-01,6.148216720634452903e-02
6.186599466631845790e-01,6.114171412767620273e-02
6.217223953937972558e-01,6.079917760068212496e-02
6.247798382897041813e-01,6.045459397736588358e-02
6.278321541488753876e-01,6.010799969999241349e-02
6.308792220188900179e-01,5.975943129845450591e-02
6.339209212015375350e-01,5.940892538768793169e-02
6.369571312574031641e-01,5.905651866513521309e-02
6.399877320104349065e-01,5.870224790825784300e-02
6.430126035524924566e-01,5.834614997209493920e-02
6.460316262478813520e-01,5.798826178686875693e-02
6.490446807378675853e-01,5.762862035563508928e-02
6.520516479451763381e-01,5.726726275197857596e-02
6.550524090784729525e-01,5.690422611775139417e-02
6.580468456368274710e-01,5.653954766085426964e-02
6.610348394141608575e-01,5.617326465305971794e-02
6.640162725036743430e-01,5.580541442787494144e-02
6.669910273022626734e-01,5.543603437844490250e-02
6.699589865149083723e-01,5.506516195549332471e-02
6.729200331590599049e-01,5.469283466530097670e-02
6.758740505689923017e-01,5.431909006771989262e-02
6.788209224001502395e-01,5.394396577422269634e-02
6.817605326334741367e-01,5.356749944598530183e-02
6.846927655797085954e-01,5.318972879200185161e-02
6.876175058836934140e-01,5.281069156723115776e-02
6.905346385286370570e-01,5.243042557077272348e-02
6.934440488403731395e-01,5.204896864407106832e-02
6.963456224915987036e-01,5.166635866914765646e-02
6.992392455060950640e-01,5.128263356685819341e-02
7.021248042629312236e-01,5.089783129517473637e-02
7.050021855006487481e-01,5.051198984749062648e-02
7.078712763214298764e-01,5.012514725094721624e-02
7.107319641952464240e-01,4.973734156478085144e-02
7.135841369639929210e-01,4.934861087868838703e-02
7.164276828455978796e-01,4.895899331121085496e-02
7.192624904381207385e-01,4.856852700813220347e-02
7.220884487238284910e-01,4.817725014089292712e-02
7.249054470732542166e-01,4.778520090501705425e-02
7.277133752492368490e-01,4.739241751855006318e-02
7.305121234109435147e-01,4.699893822050744963e-02
7.333015821178719973e-01,4.660480126933178729e-02
7.360816423338336634e-01,4.621004494135664414e-02
7.388521954309205109e-01,4.581470752927669504e-02
7.416131331934492366e-01,4.541882734062180349e-02
7.443643478218888720e-01,4.502244269623368461e-02
7.471057319367675476e-01,4.462559192874424735e-02
7.498371785825609370e-01,4.422831338105335380e-02
7.525585812315594980e-01,4.383064540480527405e-02
7.552698337877179480e-01,4.343262635886192824e-02
7.579708305904827581e-01,4.303429460777145887e-02
7.606614664186007735e-01,4.263568852023107147e-02
7.633416364939075160e-01,4.223684646754260336e-02
7.660112364850948374e-01,4.183780682205870405e-02
7.686701625114573666e-01,4.143860795561973842e-02
7.713183111466197506e-01,4.103928823797844960e-02
7.739555794222412466e-01,4.063988603521206944e-02
7.765818648317008854e-01,4.024043970811976012e-02
7.791970653337598751e-01,3.984098761060519273e-02
7.818010793562039096e-01,3.944156808804155645e-02
7.843938057994622737e-01,3.904221947561864470e-02
7.869751440402071863e-01,3.864298009667058165e-02
7.895449939349292734e-01,3.824388826098276684e-02
7.921032558234921694e-01,3.784498226307689978e-02
7.946498305326641365e-01,3.744630038047296744e-02
7.971846193796274793e-01,3.704788087192695256e-02
7.997075241754649788e-01,3.664976197564309007e-02
8.022184472286233436e-01,3.625198190745965859e-02
8.047172913483544576e-01,3.585457885900714126e-02
8.072039598481324241e-01,3.545759099583761786e-02
8.096783565490469625e-01,3.506105645552477085e-02
8.121403857831744899e-01,3.466501334573281190e-02
8.145899523969241107e-01,3.426949974225409340e-02
8.170269617543595153e-01,3.387455368701387109e-02
8.194513197404983407e-01,3.348021318604199603e-02
8.218629327645849969e-01,3.308651620740950261e-02
8.242617077633400680e-01,3.269350067913134872e-02
8.266475522041855095e-01,3.230120448703160951e-02
8.290203740884429795e-01,3.190966547257335917e-02
8.313800819545097420e-01,3.151892143065029850e-02
8.337265848810060387e-01,3.112901010734078072e-02
8.360597924899005884e-01,3.073996919762254920e-02
8.383796149496078876e-01,3.035183634304889494e-02
8.406859629780595311e-01,2.996464912938438113e-02
8.429787478457521077e-01,2.957844508420025970e-02
8.452578813787664513e-01,2.919326167442906975e-02
8.475232759617612466e-01,2.880913630387819252e-02
8.497748445409406548e-01,2.842610631070107557e-02
8.520125006269955170e-01,2.804420896482692077e-02
8.542361582980164680e-01,2.766348146534780561e-02
8.564457322023815156e-01,2.728396093786309914e-02
8.586411375616160857e-01,2.690568443178113084e-02
8.608222901732256460e-01,2.652868891757764400e-02
8.629891064135009060e-01,2.615301128401145009e-02
8.651415032402960392e-01,2.577868833529606274e-02
8.672793981957797049e-01,2.540575678822864364e-02
8.694027094091565377e-01,2.503425326927555955e-02
8.715113555993631023e-01,2.466421431161403693e-02
8.736052560777340936e-01,2.429567635213138871e-02
8.756843307506416707e-01,2.392867572838034557e-02
8.777485001221058125e-01,2.356324867549221269e-02
8.797976852963771410e-01,2.319943132304656125e-02
8.818318079804909893e-01,2.283725969189908528e-02
8.838507904867930476e-01,2.247676969096678440e-02
8.858545557354368105e-01,2.211799711397149926e-02
8.878430272568521575e-01,2.176097763614214323e-02
8.898161291941851792e-01,2.140574681087575523e-02
8.917737863057102476e-01,2.105234006635806066e-02
8.937159239672120004e-01,2.070079270214377626e-02
8.956424681743393457e-01,2.035113988569798443e-02
8.975533455449313802e-01,2.000341664889788984e-02
8.994484833213115538e-01,1.965765788449720664e-02
9.013278093725571871e-01,1.931389834255225688e-02
9.031912521967365715e-01,1.897217262681155647e-02
9.050387409231187563e-01,1.863251519106943338e-02
9.068702053143536945e-01,1.829496033548426090e-02
9.086855757686247426e-01,1.795954220286226366e-02
9.104847833217706299e-01,1.762629477490790936e-02
9.122677596493790064e-01,1.729525186844159054e-02
9.140344370688521236e-01,1.696644713158580731e-02
9.157847485414424282e-01,1.663991403992046841e-02
9.175186276742592906e-01,1.631568589260891031e-02
9.192360087222484211e-01,1.599379580849494970e-02
9.209368265901406447e-01,1.567427672217309650e-02
9.226210168343731421e-01,1.535716138003177106e-02
9.242885156649820466e-01,1.504248233627197145e-02
9.259392599474657315e-01,1.473027194890175369e-02
9.275731872046205639e-01,1.442056237570808752e-02
9.291902356183471268e-01,1.411338557020721737e-02
9.307903440314300170e-01,1.380877327757519535e-02
9.323734519492866690e-01,1.350675703055928198e-02
9.339394995416909762e-01,1.320736814537207954e-02
9.354884276444659363e-01,1.291063771756984294e-02
9.370201777611514293e-01,1.261659661791584772e-02
9.385346920646422397e-01,1.232527548823070598e-02
9.400319133987983244e-01,1.203670473723097295e-02
9.415117852800287679e-01,1.175091453635761923e-02
9.429742518988475375e-01,1.146793481559576708e-02
9.444192581214020388e-01,1.118779525928700891e-02
9.458467494909744699e-01,1.091052530193657027e-02
9.472566722294571973e-01,1.063615412401572834e-02
9.486489732387998197e-01,1.036471064776265522e-02
9.500236001024303656e-01,1.009622353298181806e-02
9.513805010866508427e-01,9.830721172844253397e-03
9.527196251420042561e-01,9.568231689690474828e-03
9.540409219046179778e-01,9.308782930837334116e-03
9.553443416975205826e-01,9.052402464390506276e-03
9.566298355319312607e-01,8.799117575064869384e-03
9.578973551085253613e-01,8.548955260013585758e-03
9.591468528186750664e-01,8.301942224668247203e-03
9.603782817456627541e-01,8.058104878591659456e-03
9.615915956658712682e-01,7.817469331344719524e-03
9.627867490499487646e-01,7.580061388369397322e-03
9.639636970639495761e-01,7.345906546889639614e-03
9.651223955704492097e-01,7.115029991831603104e-03
9.662628011296376940e-01,6.887456591765097995e-03
9.673848710003865037e-01,6.663210894868184901e-03
9.684885631412936124e-01,6.442317124916373608e-03
9.695738362117044540e-01,6.224799177298373509e-03
9.706406495727097905e-01,6.010680615059891055e-03
9.716889632881198224e-01,5.799984664977875931e-03
9.727187381254175369e-01,5.592734213665659197e-03
9.737299355566870762e-01,5.388951803712387773e-03
9.747225177595211232e-01,5.188659629857074462e-03
9.756964476179069701e-01,4.991879535199512594e-03
9.766516887230884958e-01,4.798633007450186366e-03
9.775882053744090472e-01,4.608941175219979230e-03
9.785059625801315608e-01,4.422824804352115842e-03
9.794049260582369243e-01,4.240304294297931806e-03
9.802850622372037970e-01,4.061399674537252702e-03
9.811463382567648939e-01,3.886130601046730408e-03
9.819887219686450619e-01,3.714516352815728627e-03
9.828121819372783730e-01,3.546575828413437402e-03
9.836166874405047889e-01,3.382327542606699666e-03
9.844022084702473974e-01,3.221789623032428676e-03
9.851687157331712186e-01,3.064979806923761544e-03
9.859161806513203619e-01,2.911915437893610424e-03
9.866445753627384185e-01,2.762613462775865072e-03
9.873538727220694255e-01,2.617090428525942029e-03
9.880440463011382901e-01,2.475362479182599031e-03
9.887150703895165593e-01,2.337445352891923643e-03
9.893669199950658744e-01,2.203354378995316283e-03
9.899995708444668807e-01,2.073104475182620775e-03
9.906129993837274883e-01,1.946710144711873277e-03
9.912071827786765876e-01,1.824185473696900150e-03
9.917820989154373379e-01,1.705544128464139744e-03
9.923377264008852450e-01,1.590799352980128362e-03
9.928740445630889200e-01,1.479963966350721170e-03
9.933910334517334073e-01,1.373050360392872454e-03
9.938886738385274144e-01,1.270070497281151466e-03
9.943669472175944435e-01,1.171035907269236693e-03
9.948258358058464923e-01,1.075957686487754011e-03
9.952653225433428785e-01,9.848464948195047568e-04
9.956853910936322993e-01,8.977125538537804924e-04
9.960860258440797921e-01,8.145656449193704619e-04
9.964672119061777078e-01,7.354151071985671941e-04
9.968289351158408085e-01,6.602698359225939520e-04
9.971711820336864873e-01,5.891382806489894094e-04
9.974939399453007782e-01,5.220284436223555490e-04
9.977971968614866016e-01,4.589478782190406980e-04
9.980809415185001310e-01,3.999036874766241948e-04
9.983451633782700618e-01,3.449025227084460922e-04
9.985898526286034471e-01,2.939505822048653350e-04
9.988150001833764335e-01,2.470536100206039169e-04
9.990205976827098988e-01,2.042168948501965576e-04
9.992066374931323214e-01,1.654452689907232900e-04
9.993731127077267740e-01,1.307431073931914585e-04
9.995200171462633731e-01,1.001143268031793096e-04
9.996473453553194055e-01,7.356238499034618719e-05
9.997550926083839107e-01,5.109028006776052128e-05
9.998432549059474983e-01,3.270054990131711749e-05
9.999118289755806188e-01,1.839527160994349953e-05
9.999608122719946257e-01,8.176061155590844622e-06
9.999902029770920686e-01,2.044073024576671489e-06
1.000000000000000000e+00,-1.329316867057984190e-17
